underlying,symbols,realized_pnl,unrealized_pnl,dividends,withholding_tax,pil_dividends,borrow_fees,short_credit_interest,other_fees,bond_interest,total_pnl
SMCI,"SMCI, SMCL, SMCX, SMYY",11610.3555874,7365.514886999999,0.0,0.0,-6780.469999999999,-1251.7,511.102324152601,0.0,0.0,11454.8027985526
QBTS,"QBTS, QBTX, QBTZ, QBY",7236.06013504,4491.787857,0.0,0.0,-3290.92,-1244.29,345.80060353316503,0.0,0.0,7538.438595573164
COIN,"COIA, COIG, COIN, COIW, CONI, CONL, CONX, CONY, COYY",3078.39524913,7734.402823999996,-4.8,0.0,-4877.96,-911.9799999999999,533.4583680052792,0.0,0.0,5551.516441135273
CBRS,"CBRS, CBRZ",0.0,4502.166002,0.0,0.0,0.0,-48.39,251.91551364949487,0.0,0.0,4705.691515649494
GDX,"GDX, GDXU, NUGT",2121.63620452,2321.148613,0.0,0.0,-10.84,-49.44,5.292364926019408,0.0,0.0,4387.797182446019
IONQ,"IONL, IONQ, IONX, IOYY, QPUX",10704.270399640001,5645.449024,0.0,0.0,-10879.33,-1864.5300000000002,544.5863471200073,0.0,0.0,4150.445770760007
MSTR,"MSDD, MSOO, MSTP, MSTR, MSTU, MSTW, MSTX, MSTY, MSTZ, MTYY",3035.99183232,17643.910237999997,-0.37,0.0,-15393.27,-1819.36,676.9900368976745,0.0,0.0,4143.892107217679
IREN,"IRE, IREG, IREN, IREX, IREZ",421.59407826,4515.727511,0.0,0.0,0.0,-1235.6399999999999,148.96044304677926,0.0,0.0,3850.642032306779
CRML,"CRML, CRMU, CRMX",1492.9995200199999,2888.894295,0.0,0.0,0.0,-1132.21,159.12279356358638,0.0,0.0,3408.8066085835853
NBIS,"NBIG, NBIL, NBIS, NBIZ, NEBX",2523.36058606,1046.2687860000015,0.0,0.0,0.0,-421.69,128.86025946909018,0.0,0.0,3276.799631529092
MARA,"MAAY, MARA, MARO, MRAL",5107.1976525499995,11252.95814,-9.29,0.0,-12469.900000000001,-1083.64,335.55174960324865,0.0,0.0,3132.8775421532473
CRWV,"CORD, CRWG, CRWU, CRWV, CWVX, CWY",26.822248130000006,4045.551711,0.0,0.0,-789.3299999999999,-621.56,220.74571140456453,0.0,0.0,2882.2296705345643
AAOI,"AAOI, AAOX",6120.37260367,-2991.2790250000003,0.0,0.0,0.0,-442.64,89.59037156096694,0.0,0.0,2776.0439502309664
NVTS,"NVTS, NVTX",164.9189635599978,3216.627606,0.0,0.0,0.0,-1031.15,62.846686714670895,0.0,0.0,2413.2432562746617
BLSH,"BLSG, BLSH",2245.76861529,122.80992200000014,0.0,0.0,0.0,-71.03999999999999,7.192386952783953,0.0,0.0,2304.730924242784
CRCL,"CCUP, CRCA, CRCD, CRCG, CRCL",1937.63175749,109.72822000000019,0.0,0.0,0.0,-636.55,82.00997178729969,0.0,0.0,1492.8199492773003
LITE,"LITE, LITX",0.0,1136.752082,0.0,0.0,0.0,-73.09,28.760819186193118,0.0,0.0,1092.4229011861933
XRPZ,"GXRP, UXRP, XRPT, XXRP",-1179.00339278,2367.914721,0.0,0.0,-13.38,-139.31,22.76762004672516,0.0,0.0,1058.9889482667259
TSLA,"TSLA, TSLI, TSLL, TSLR, TSLT, TSLW, TSLY",1238.87959933,446.730631,0.0,0.0,-402.9,-273.03999999999996,8.25849259208571,0.0,0.0,1017.9287229220859
QUBT,"QUBT, QUBX",1421.8201053799994,-31.138443999999936,0.0,0.0,0.0,-402.83,15.824253326611393,0.0,0.0,1003.6759147066105
BA,"BA, BOEG, BOEU",830.35836202,280.969163,0.0,0.0,-16.68,-145.56,2.774685044565223,0.0,0.0,951.862210064565
SLV,SLV,950.869985,0.0,0.0,0.0,0.0,-0.5800000000000001,0.0,0.0,0.0,950.289985
RIOT,"RIOT, RIOX, RTYY",4854.89496376,517.9225850000003,0.0,0.0,-4273.68,-642.81,460.70030809726563,0.0,0.0,917.0278568572652
BE,"BE, BEG, BEX, BEZ",2616.19014678,-1107.3115150000008,0.0,0.0,0.0,-690.94,95.92508304404497,0.0,0.0,913.8637148240446
AVGO,"AVGG, AVGO, AVL",831.2920216900002,178.41273700000002,34.45,0.0,-30.49,-114.05999999999999,4.093216254519293,0.0,0.0,903.69797494452
CIFR,"CIFG, CIFR, CIFU",-835.1789947499999,2025.987065,0.0,0.0,0.0,-381.01,20.917542977031843,0.0,0.0,830.715613227032
ETHA,"ETHA, ETHT, ETHU, ETU",-3492.26280372,4438.8010620000005,-0.81,0.0,-20.099999999999998,-157.4,16.70662728214172,0.0,0.0,784.934885562142
LEU,"LEU, LEUX",658.4812488700002,349.21722500000004,0.0,0.0,0.0,-239.42,2.924363348515361,0.0,0.0,771.2028372185152
KLAC,"KLAC, KLAG",629.22448085,191.609438,13.7,0.0,0.0,-73.64,4.420480977146674,0.0,0.0,765.3143998271466
SOXX,"SEMY, SOXL, SOXX",24.057573260000026,573.5201500000001,0.0,0.0,4.16,-12.78,98.63377498702548,0.0,0.0,687.5914982470267
HUT,"HUT, HUTG",-594.1358361299999,1436.761066,0.0,0.0,0.0,-245.25,23.754541792488443,0.0,0.0,621.1297716624886
TER,"TER, TERG",576.6196443900001,260.35629500000005,3.12,0.0,0.0,-222.37,3.260513263348988,0.0,0.0,620.9864526533488
BMNR,"BMNG, BMNR, BMNU",1598.2823347,-573.7198870000002,0.0,0.0,0.0,-444.26,35.03317775656389,0.0,0.0,615.3356254565642
FLY,"FLY, FLYT",807.0481197500002,52.778465000000324,0.0,0.0,0.0,-287.64,37.80841078655152,0.0,0.0,609.9949955365519
UEC,"UEC, UECG",-145.14036226000002,796.2052350000001,0.0,0.0,0.0,-77.35,5.188012844865886,0.0,0.0,578.902885584866
PLTR,"PLTA, PLTG, PLTR, PLTU, PLTW, PTIR",-173.37606589999996,1443.713225,0.0,0.0,-454.58,-249.84,9.594207059213973,0.0,0.0,575.5113661592131
MU,"MU, MULL, MUU, MUYY",-960.0115856999982,2883.3029460000007,3.0,0.0,-1553.3799999999999,-312.3,510.8360815209408,0.0,0.0,571.4474418209411
WULF,"WULF, WULX",-447.1978820399995,1242.0401379999998,0.0,0.0,0.0,-247.37,23.209374580820683,0.0,0.0,570.6816305408211
GOOGL,"GGLL, GOOGL, GOOX, GOOY",861.5952203500001,-14.074894999999998,11.34,0.0,-145.61,-153.89,2.275313757484714,0.0,0.0,561.6356391074842
BBAI,"BAIG, BBAI",784.7204032900001,-101.51012099999997,0.0,0.0,0.0,-165.96,14.309621619065744,0.0,0.0,531.559903909066
GLXY,"GLGG, GLXU, GLXY",137.79428481999997,539.4339170000003,0.0,0.0,0.0,-185.70999999999998,39.941013483313895,0.0,0.0,531.4592153033136
COPX,"COPX, COPZ",223.8243875400001,337.4959190000001,0.0,0.0,0.0,-47.76,3.263488041356365,0.0,0.0,516.8237945813565
MRNA,"MRNA, MRNX",382.48102421,182.95732400000003,0.0,0.0,0.0,-98.73,4.214047040161049,0.0,0.0,470.9223952501611
SRPT,"SRPT, SRPU",-704.58631079,1314.326087,0.0,0.0,0.0,-156.42000000000002,7.066663440156378,0.0,0.0,460.38643965015626
HIMS,"HIMS, HIMZ, HMYY",164.01105435,1882.769053,0.0,0.0,-1514.0700000000002,-199.10000000000002,124.46991769017613,0.0,0.0,458.080025040176
GEV,"GEV, GEVG, GEVX",212.7941001900001,288.496169,5.0,0.0,0.0,-67.92999999999999,4.593879221524058,0.0,0.0,442.95414841152456
PLUG,"PLUG, PLUL",123.24728844999936,660.7130800000001,0.0,0.0,0.0,-359.94,5.206252931069015,0.0,0.0,429.226621381069
URA,"URA, URAA",214.4498620500001,261.168026,0.0,0.0,-42.69,-27.47,3.335508982587603,0.0,0.0,408.79339703258756
META,"FBL, FBY, FBYY, META, METU, METW",1151.14379598,2282.801445,12.6,0.0,-2963.22,-324.38,244.7752635954718,0.0,0.0,403.7205045754722
EWJ,EWJ,388.675936,0.0,0.0,0.0,0.0,-0.4,0.0,0.0,0.0,388.275936
VRT,"VRT, VRTL",683.3970860999998,-199.27585999999997,2.06,0.0,0.0,-102.79,2.8870220561596,0.0,0.0,386.27824815615986
NVDA,"NVDA, NVDB, NVDG, NVDL, NVDO, NVDU, NVDY",1018.7512027700004,-100.928124,1.44,0.0,-167.34,-372.33,4.473439854041167,0.0,0.0,384.06651862404124
CRDO,"CRDO, CRDU",-1809.19482587,2304.0098160000007,0.0,0.0,0.0,-139.07,26.217697124412677,0.0,0.0,381.96268725441587
FXI,"FXI, YINN",262.26799714000003,103.45048999999999,0.0,0.0,-5.57,-11.120000000000001,1.890432281872342,0.0,0.0,350.9189194218724
RKT,"RKT, RKTL",-388.0847594999999,778.468969,0.0,0.0,0.0,-49.94,6.401761413691682,0.0,0.0,346.8459709136914
OKLO,"OKLL, OKLO",8.7e-07,548.958255,0.0,0.0,0.0,-230.49,27.71311020035803,0.0,0.0,346.18136607035785
KWEB,"CWEB, KWEB",283.64131991,98.749292,0.0,0.0,-29.95,-11.91,2.0629302644843346,0.0,0.0,342.59354217448424
CEG,"CEG, CEGX",247.38181180999993,206.059531,17.92,0.0,0.0,-135.49,2.4194339235789637,0.0,0.0,338.2907767335788
CLS,"CLS, CSEX",-52.838314,400.09500299999996,0.0,0.0,0.0,-38.02,12.273307789384258,0.0,0.0,321.5099967893842
USAR,"USAR, USGG",654.4065105900002,111.908189,0.0,0.0,0.0,-470.08,14.21955630071081,0.0,0.0,310.45425589071147
SOEZ,"SOEZ, SOLT",-1503.22249248,1878.078871,32.44,0.0,-25.16,-80.15,7.761822090301373,0.0,0.0,309.7482006103014
AMD,"AMD, AMDG, AMDL, AMDY, AMUU, AMYY, DAMD",-7981.108170349998,14773.412733,-72.08,0.0,-5158.02,-1697.31,439.30691806450113,0.0,0.0,304.20148071450285
LAC,"LAC, LACG",133.69680064000002,263.84986999999995,0.0,0.0,0.0,-145.51,4.480681089980177,0.0,0.0,256.51735172998013
KEEL,"BTFL, KEEX",-2234.9043786699995,2604.4957410000006,0.0,0.0,0.0,-151.17999999999998,33.01244236960524,0.0,0.0,251.423804699607
SNOW,"SNOU, SNOW, SNOY",-301.27750212,702.279254,0.0,0.0,-114.75,-47.17,6.046471150889536,0.0,0.0,245.12822303088933
RGTI,"RGTI, RGTU, RGTX",1893.10310205,-1427.133892,0.0,0.0,0.0,-257.82,19.32685872121865,0.0,0.0,227.47606877121825
CMG,"CMG, CMGG",215.49333676999981,16.109560000000016,0.0,0.0,0.0,-58.85,1.3360276016553543,0.0,0.0,174.08892437165514
U,"U, UNX",117.04669400000012,90.50687099999993,0.0,0.0,0.0,-42.92,8.613313153097218,0.0,0.0,173.2468781530972
XLK,"WEBS, XLK",174.73186271000003,0.0,0.0,0.0,0.0,-1.67,0.0,0.0,0.0,173.06186271000004
CORZ,"CORZ, COZX",181.57857375000003,75.35089400000004,0.0,0.0,0.0,-111.17,7.380267669039357,0.0,0.0,153.13973541903943
XPEV,"XPEG, XPEV",122.69860021000004,44.86948699999999,0.0,0.0,0.0,-20.54,2.2449397083567573,0.0,0.0,149.27302691835678
FIG,"FIG, FIGG",-549.2767533699999,715.469818,0.0,0.0,0.0,-35.31,8.784754306680275,0.0,0.0,139.66781893668076
LLY,"ELIL, LLY, LLYX",175.52163227999998,-3.309183,8.65,0.0,-2.23,-44.59,0.900770608997002,0.0,0.0,134.943219888997
AAL,"AAL, AALG",177.59637472,0.0,0.0,0.0,0.0,-45.63,0.0,0.0,0.0,131.96637472
EWY,"EWY, KORU",38.017210999999996,103.06912,0.0,0.0,-0.23,-17.07,5.417383885961025,0.0,0.0,129.20371488596095
UUUU,"UUUG, UUUU",7.42662518,210.33211699999993,0.0,0.0,0.0,-113.62,20.323996480928315,0.0,0.0,124.46273866092815
RKLB,"RKLB, RKLX, RKLZ",2951.76394965,-2669.019441,0.0,0.0,0.0,-205.42000000000002,43.9972798636363,0.0,0.0,121.32178851363687
HL,"HL, HLXX",17.057037750000006,101.44982300000001,0.0,0.0,0.0,-10.15,6.604320310904539,0.0,0.0,114.96118106090455
FCX,"FCX, FCXG",85.43827656,32.93639200000001,6.15,0.0,0.0,-14.08,2.9120336765111006,0.0,0.0,113.3567022365111
SPOT,"SPOG, SPOT",122.29723571000001,4.295244000000003,0.0,0.0,0.0,-28.36,2.9221322650098283,0.0,0.0,101.15461197500983
SOUN,"SOUN, SOUX",59.53492024,93.85501399999998,0.0,0.0,0.0,-56.91,2.957673033834809,0.0,0.0,99.43760727383474
CSCO,"CSCL, CSCO",146.5041246300001,0.0,49.05,0.0,-25.45,-70.69,0.0,0.0,0.0,99.41412463000006
OKTA,"OKTA, OKTG",2.6324878800000135,133.53783899999996,0.0,0.0,0.0,-41.39,3.7225432580737357,0.0,0.0,98.50287013807372
DNN,"DNN, DNNG",-69.68266600000001,194.03223099999997,0.0,0.0,0.0,-29.830000000000002,2.8026714429241006,0.0,0.0,97.32223644292401
SATS,"SATG, SATS",176.20894629000003,-13.036505999999997,0.0,0.0,0.0,-73.48,1.7208307936359533,0.0,0.0,91.413271083636
UBER,"UBER, UBRL",-124.40707078999995,226.993304,0.0,0.0,0.0,-14.530000000000001,2.552242104882002,0.0,0.0,90.60847531488201
LRCX,"LRCU, LRCX",61.35530284999999,52.442106999999965,0.0,0.0,0.0,-32.7,3.924358460784749,0.0,0.0,85.02176831078464
XBI,"LABU, XBI",96.92414328999999,0.0,0.0,0.0,0.0,-17.64,0.0,0.0,0.0,79.28414328999997
ABNB,"ABNB, ABNG, ABNY",196.6515405,0.0,0.0,0.0,-99.24000000000001,-19.52,0.0,0.0,0.0,77.89154050000002
ISRG,"ISRG, ISUL",98.83789711999998,0.0,0.0,0.0,0.0,-22.73,0.0,0.0,0.0,76.10789711999996
ARKK,"ARKK, TARK",62.54740247000001,21.900253000000003,0.0,0.0,0.0,-11.28,2.127201126170038,0.0,0.0,75.29485659617004
SOFI,"SOFA, SOFI, SOFX",236.20906503000015,-88.27938100000006,0.0,0.0,-13.16,-76.53,6.9562835193563295,0.0,0.0,65.19596754935628
ETOR,"ETOR, ETRL",182.94642772999987,-78.373585,0.0,0.0,0.0,-44.73,2.507268158428365,0.0,0.0,62.35011088842816
COHR,"COHR, COHX",0.0,100.138067,0.0,0.0,0.0,-55.68,6.206522036049608,0.0,0.0,50.66458903604962
NIO,"NIO, NIOG",21.05337997000001,50.67808600000001,0.0,0.0,0.0,-25.91,2.347804400506591,0.0,0.0,48.16927037050658
ZETA,"ZETA, ZETX",3.552713678800501e-15,80.140231,0.0,0.0,0.0,-45.3,6.119196644806731,0.0,0.0,40.95942764480674
DUOL,"DUOG, DUOL",141.46473130999993,-102.14079700000002,0.0,0.0,0.0,-8.99,8.388795697172009,0.0,0.0,38.722730007172004
EWW,"EWW, MEXX",28.79452005,21.259546999999998,0.0,0.0,-0.71,-12.34,1.1780120909213823,0.0,0.0,38.18207914092139
GLW,"GLW, GLWG",32.045993749999994,23.08445599999999,0.0,0.0,0.0,-21.66,3.171896192181856,0.0,0.0,36.64234594218186
XOM,"XOM, XOMO, XOMX",243.60277527000005,0.0,38.11,0.0,-178.78,-69.99,0.0,0.0,0.0,32.942775270000084
BULL,"BULG, BULL, BULX",12.045780800000017,71.13700500000004,0.0,0.0,0.0,-54.84,3.5478533337720966,0.0,0.0,31.89063913377214
COST,"COST, COTG",109.99453740999999,0.0,7.8,0.0,0.0,-89.69,0.0,0.0,0.0,28.104537409999992
TTD,"TTD, TTDU",41.76952065999999,4.273404999999997,0.0,0.0,0.0,-27.39,2.287839138568408,0.0,0.0,20.940764798568438
GME,"GME, GMEU",33.48673475,0.0,0.0,0.0,0.0,-15.22,0.0,0.0,0.0,18.26673475
APH,"APH, APHU",66.55750072000001,-11.695479999999996,4.0,0.0,0.0,-42.550000000000004,1.6000000079941967,0.0,0.0,17.91202072799419
ANET,"ANEL, ANET",-41.902033500000016,68.726292,0.0,0.0,0.0,-12.040000000000001,3.094747673069481,0.0,0.0,17.879006173069456
QS,"QS, QSU",19.77769515999995,47.830482999999994,0.0,0.0,0.0,-54.33,4.181872467502312,0.0,0.0,17.460050627502255
NOW,"NOW, NOWL",-49.07753638999999,89.955162,0.0,0.0,0.0,-25.82,2.395126855913421,0.0,0.0,17.45275246591342
EOSE,"EOSE, EOSU",5999.74485716,-5780.416853,0.0,0.0,0.0,-249.01,47.01147367961127,0.0,0.0,17.329477839610945
CELH,CELH,41.48727030000009,0.0,0.0,0.0,0.0,-24.38,0.0,0.0,0.0,17.107270300000092
ACHR,"ACHR, ARCX",-12.702470689999998,58.925793999999996,0.0,0.0,0.0,-38.2,7.606037663072934,0.0,0.0,15.629360973072835
RDDT,"RDDT, RDTL, RDYY",47.443646380000075,128.73056000000003,0.0,0.0,-105.7,-62.22,6.9621547917393105,0.0,0.0,15.21636117173938
IWM,"IWM, URTY",72.386835,-56.260074,0.0,0.0,0.0,-3.44,2.056315297599509,0.0,0.0,14.743076297599515
B,"B, BU",1.7039362499999982,19.248160999999996,0.0,0.0,0.0,-8.27,0.0,0.0,0.0,12.682097249999998
DIA,"DIA, DXD, SDOW",13.701283090000004,0.0,0.0,0.0,0.0,-3.16,0.0,0.0,0.0,10.541283089999999
VST,"VST, VSTL",-1.8e-07,13.735641999999999,0.0,0.0,0.0,-8.61,2.928590664631108,0.0,0.0,8.0542324846311
ORCL,"ORCL, ORCU, ORCX",26.65124622999997,19.06570099999999,7.5,0.0,-6.92,-46.14,6.989045219253365,0.0,0.0,7.145992449253754
JOBY,"JOBX, JOBY",57.216845,-23.347690999999998,0.0,0.0,0.0,-34.62,2.370819788247878,0.0,0.0,1.6199737882478829
SHOP,"SHOP, SHPU",-1.0000000258969521e-06,28.350171999999986,0.0,0.0,-5.16,-27.6,4.8508061010033225,0.0,0.0,0.4409771010032273
ORLY,"ORLG, ORLY",5.603025000000002,0.0,0.0,0.0,0.0,-8.74,0.0,0.0,0.0,-3.1369749999999925
NEM,"NEM, NEMG",-92.91181499999999,104.33022599999998,0.0,0.0,0.0,-17.79,2.726423185577116,0.0,0.0,-3.64516581442291
IBM,"IBM, IBX",-11.156726250000002,6.380207,0.0,0.0,0.0,-1.16,0.11390268422983861,0.0,0.0,-5.822616565770165
FUTU,"FUTG, FUTU",-13.224047250000002,0.0,13.0,0.0,0.0,-5.57,0.0,-0.25,0.0,-6.0440472500000055
SVIX,"SVIX, UVIX",0.0,-5.714624999999984,0.0,0.0,0.0,-34.730000000000004,33.49991454465625,0.0,0.0,-6.944710455343738
VALE,"VALE, VALG",5.617185699999993,0.0,0.0,0.0,0.0,-13.52,0.0,0.0,0.0,-7.902814299999989
BIDU,"BIDG, BIDU",6.817273749999991,10.574499000000003,0.0,0.0,0.0,-29.92,1.2158230850677822,0.0,0.0,-11.312404164932225
ADBE,"ADBE, ADBG",-44.652752460000016,50.34876299999999,0.0,0.0,0.0,-18.93,1.3902390166582157,0.0,0.0,-11.843750443341833
APP,"APP, APPX",-1142.3478009,1157.962392,0.0,0.0,0.0,-35.99,8.464026267305945,0.0,0.0,-11.911382632694114
LMT,"LMT, LMTL",20.5694393,0.0,0.0,0.0,-3.09,-30.45,0.0,0.0,0.0,-12.970560700000078
SBUX,"SBU, SBUX",1.612426750000001,-0.14244600000000007,0.0,0.0,0.0,-17.6,0.5687305848314622,0.0,0.0,-15.561288665168536
XLF,XLF,-18.775827,0.0,0.0,0.0,0.0,-0.36,0.0,0.0,0.0,-19.135827
XYZ,"XYZ, XYZG, XYZY",363.70175830000005,-222.46977,0.0,0.0,-145.5,-17.55,2.4817085526544522,0.0,0.0,-19.336303147345575
ASHR,"ASHR, CHAU",16.22513067,0.0,-0.85,0.0,-16.99,-18.54,0.0,0.0,0.0,-20.154869329999997
NVO,"NVO, NVOX",43.14354743000001,-39.917868999999996,0.0,0.0,0.0,-27.32,2.275861742907126,0.0,0.0,-21.818459827092852
RTX,"RTX, RTXG",-5.8440272500000106,0.0,0.0,0.0,0.0,-19.05,0.0,0.0,0.0,-24.894027250000022
AVAV,"AVAV, AVXX",0.0,-1.3259869999999978,0.0,0.0,0.0,-33.92,6.633676672819446,0.0,0.0,-28.61231032718058
AFRM,"AFRM, AFRU",198.22656765000005,-173.74709400000003,0.0,0.0,0.0,-57.24,3.8383638912820146,0.0,0.0,-28.922162458717935
AI,"AI, AIYY",238.29744046000008,0.0,0.0,0.0,-237.28,-30.04,0.0,0.0,0.0,-29.02255953999986
NET,"NET, NETG",-108.16669547999999,93.025015,0.0,0.0,0.0,-21.490000000000002,1.5818773472387275,0.0,0.0,-35.04980313276127
SNAP,"SNAG, SNAP",21.20909276999999,-46.015989,0.0,0.0,0.0,-17.63,4.953749076784929,0.0,0.0,-37.48314715321508
KTOS,"KTOS, KTUP",-102.65410429,118.31798000000003,0.0,0.0,0.0,-58.980000000000004,3.630755699819794,0.0,0.0,-39.68536859018013
UPS,"UPS, UPSG",-29.100017609999995,0.0,0.0,0.0,0.0,-13.21,0.0,0.0,0.0,-42.31001760999999
BKNG,BKNU,-42.80836925,0.0,0.0,0.0,0.0,-0.64,0.0,0.0,0.0,-43.44836925
UPST,"UPST, UPSX",-205.6505914800001,227.801217,0.0,0.0,0.0,-74.53,6.796428343275689,0.0,0.0,-45.58294613672439
LMND,"LMND, LMNX",-69.69574011,49.789900999999986,0.0,0.0,0.0,-30.1,3.9966925365430797,0.0,0.0,-46.009146573456974
GEMI,"GEMG, GEMI",51.98309158000001,-0.03835299999991548,0.0,0.0,0.0,-111.42,13.159008799264942,0.0,0.0,-46.316252620734986
AXON,AXON,79.130777,-119.996464,0.0,0.0,0.0,-6.18,0.0,0.0,0.0,-47.04568700000001
TDOG,"TDOG, TXXD",0.0,-33.59719199999995,0.0,0.0,0.0,-20.01,6.211727897562518,0.0,0.0,-47.39546410243747
ALB,"ALB, ALBG",126.79612637,-171.963565,5.67,0.0,0.0,-11.67,2.0089145585609063,0.0,0.0,-49.1585240714391
CHNL,"CHNL, CHNU",-46.44045225,0.0,2.31,0.0,-0.23,-4.97,0.0,0.0,0.0,-49.33045225
XOP,"GUSH, XOP",-74.77795144999982,39.698429000000004,19.14,0.0,6.509999999999998,-42.39,2.175658694237577,0.0,0.0,-49.64386375576214
SBET,"SBET, SBTU",-67.327511,92.60792899999979,0.0,0.0,0.0,-87.67,11.53552370173882,0.0,0.0,-50.85405829826141
PL,"PL, PLU",256.86836776,-272.4965259999999,0.0,0.0,0.0,-56.28,15.493465840554222,0.0,0.0,-56.41469239944581
TSUI,"TSUI, TXXS",0.0,-14.822134000000005,0.0,0.0,0.0,-69.13,16.05374179315419,0.0,0.0,-67.89839220684553
PBR,"PBR, PBRG",-46.04692987999999,0.0,0.0,0.0,0.0,-22.55,0.0,0.0,0.0,-68.59692988
MP,"MP, MPG, MPL",150.56345154000005,-138.98055799999997,0.0,0.0,0.0,-86.47999999999999,3.5739217831525343,0.0,0.0,-71.3231846768474
LCID,"LCDL, LCID",-63.81588305,0.0,0.0,0.0,0.0,-8.78,0.0,0.0,0.0,-72.59588305
PYPL,"PYPG, PYPL, PYPY",376.09058776000006,-323.417588,0.0,0.0,-91.03,-36.79,1.4097707827856003,0.0,0.0,-73.73722945721465
SPY,"JEPI, SPXL, SPY, SPYI, XYLD, XYLG",65.35424795,-52.384623000000005,-0.34,0.0,-64.38,-28.82,2.0515008542454645,0.0,0.0,-78.51887419575456
DELL,"DELL, DLLL",7.977050370000143,-86.92008499999997,11.97,0.0,0.0,-31.09,5.608943932909764,0.0,0.0,-92.45409069709058
DJT,"DJT, DJTU",-79.88713435,0.0,0.0,0.0,0.0,-14.69,0.0,0.0,0.0,-94.57713435
WDC,"WDC, WDCX",-569.05582312,509.0088739999999,1.0,0.0,0.0,-51.68,10.16254622588657,0.0,0.0,-100.5644028941133
FIGR,"FGRU, FIGR",-54.21680263999997,208.441371,0.0,0.0,0.0,-266.45,7.271414279058882,0.0,0.0,-104.95401736094095
CRM,"CRM, CRMG",-105.05919442999993,48.50325399999997,22.44,0.0,0.0,-74.75,2.9342662279346565,0.0,0.0,-105.93167420206555
GDXJ,"GDXJ, JNUG",-63.67275434,-35.70157199999994,0.0,0.0,-5.98,-9.1,2.501944871467795,0.0,0.0,-111.95238146853217
CVNA,"CVNA, CVNX, CVNY",-100.11660086999984,165.887938,0.0,0.0,-140.7,-50.56,3.1725224612360408,0.0,0.0,-122.316140408764
NFLX,"NFLU, NFLW, NFLX, NFLY, NFXL",343.62597879999976,195.00118799999998,0.0,0.0,-461.23,-207.79,2.5131394308113464,0.0,0.0,-127.87969376918898
NU,"NU, NUG",9.23550484999987,-48.75885,0.0,0.0,0.0,-91.57,0.19539594490562004,0.0,0.0,-130.89794920509485
XLE,"ERX, XLE",-93.72269224999997,0.0,61.63,0.0,-25.87,-75.62,0.0,0.0,0.0,-133.58269224999998
UNH,"UNH, UNHG, UNHU",-242.37908596999978,131.647679,64.09,0.0,0.0,-93.75999999999999,2.780204040605226,0.0,0.0,-137.62120292939426
ASML,"ASMG, ASML, ASMU",-188.5740323099999,157.504884,19.01,-2.85,-9.29,-124.81,3.232487723174224,0.0,0.0,-145.77666058682576
TSM,"TMYY, TSM, TSMG, TSMU, TSMY",941.0817419999998,-597.787811,37.56,-7.89,-538.58,-190.61,190.228677223174,0.0,0.0,-165.99739177682568
ARM,"ARM, ARMG, ARMW",-293.0615027900001,306.468336,0.0,0.0,-140.34,-45.980000000000004,5.840976617485188,0.0,0.0,-167.07219017251464
TEM,"TEM, TEMT",-1470.5335099200001,1394.729994,0.0,0.0,0.0,-113.36,4.509137190129693,0.0,0.0,-184.6543787298706
GRAB,"GRAB, GRAG",-74.39499048000002,0.0,0.0,0.0,0.0,-117.64,0.0,0.0,0.0,-192.03499048000003
CRWD,"CRWD, CRWL",-138.8818153799998,-11.462792000000007,0.0,0.0,0.0,-67.34,1.10309465531454,0.0,0.0,-216.58151272468535
AAPL,"AAPB, AAPL, AAPU, AAPX, APLY",69.6811214899999,-17.71221700000001,38.58,0.0,-139.07999999999998,-176.51,1.0831323292124035,0.0,0.0,-223.95796318078828
QCOM,"QCML, QCMU, QCOM",-443.1154307900001,235.01444799999996,52.51,0.0,-31.66,-77.37,2.5675465548936405,0.0,0.0,-262.05343623510635
OSCR,"OSCG, OSCR, OSCX",-200.1643128799999,-21.467750999999907,0.0,0.0,0.0,-90.50999999999999,12.01156646655095,0.0,0.0,-300.13049741344867
MRVL,"MRVL, MRVU, MVLL",-293.18213133000063,212.343392,8.76,0.0,-9.19,-229.92000000000002,3.502918529134346,0.0,0.0,-307.6858208008671
DKNG,"DKNG, DKNX, DRAY",259.9188730200001,-443.87600499999996,0.0,0.0,-88.37,-43.6,2.7716319829260727,0.0,0.0,-313.15549999707383
RBLX,"RBLU, RBLX, RBLY",-297.27274786,224.556642,0.0,0.0,-167.32,-81.78,4.027692854725221,0.0,0.0,-317.78841300527483
RCAT,"RCAT, RCAX",-2823.5411638699998,2720.1937470000003,0.0,0.0,0.0,-263.82,48.252856370452974,0.0,0.0,-318.91456049954695
DASH,DASH,-301.85229642,0.0,0.0,0.0,0.0,-18.0,0.0,0.0,0.0,-319.85229642
PAAS,"PAAS, PAAU",-86.13457774000001,-249.451954,9.72,-1.46,0.0,-9.82,4.203557033503456,0.0,0.0,-332.9429747064966
NOK,"LNOK, NOK",-260.39140124999994,-5.2515,14.17,-4.96,0.0,-95.14,0.0,-0.45,0.0,-352.02290125000013
CNC,"CNC, CNCG",322.67201475,-683.9063999999998,0.0,0.0,0.0,-19.74,7.675553528087433,0.0,0.0,-373.2988317219124
QQQ,"JEPQ, QID, QQQ, QQQX, QYLD, QYLG, TQQQ",-331.55781056999996,15.354455000000002,0.0,0.0,-59.99,-20.759999999999998,2.0198742670091376,0.0,0.0,-394.93348130299086
ALAB,"ALAB, LABX",-5196.434872059999,4842.10655,0.0,0.0,0.0,-87.05,25.12293967588197,0.0,0.0,-416.25538238411536
PONY,"PONX, PONY",284.7010906600001,-585.950576,0.0,0.0,0.0,-134.04,8.085368340419533,0.0,0.0,-427.20411699958026
LUNR,"LUNL, LUNR",91.84272064,-207.0919560000002,0.0,0.0,0.0,-386.44,35.56260995824526,0.0,0.0,-466.1266254017546
OPEN,"OPEG, OPEN, OPEX",-365.93525045,143.85046600000032,0.0,0.0,0.0,-342.69,15.68322536397218,0.0,0.0,-549.0915590860277
AMZN,"AMZN, AMZU, AMZW, AMZY, AMZZ",-295.16410676999976,118.37106499999999,0.0,0.0,-222.44,-173.59,1.5507987454248129,0.0,0.0,-571.2722430245749
SNDK,"SNDK, SNDU, SNXX",1342.9414329400006,-1808.8774719999992,0.0,0.0,0.0,-179.87,51.85476455196438,0.0,0.0,-593.9512745080347
ONDS,"ONDG, ONDL, ONDS",1.25e-06,-300.3804789999999,0.0,0.0,0.0,-353.40999999999997,46.10639747086675,0.0,0.0,-607.6840802791332
BABA,"BABA, BABO, BABU, BABX, BBYY",1919.36626099,-1016.4006819999995,0.0,0.0,-1659.24,-268.1,207.51374226048708,-1.12,0.0,-817.9806787495122
MSFT,"MSFL, MSFO, MSFT, MSFU, MSFW, MSFX",-701.4720475500003,235.79456100000002,66.43,0.0,-285.06,-216.76999999999998,2.398101633920798,0.0,0.0,-898.6793849160795
CLSK,"CLSK, CLSX, CLSZ",2123.49325082,-2860.4832220000003,0.0,0.0,0.0,-318.31,61.42274659453437,0.0,0.0,-993.877224585466
INTC,"INTC, INTW, LINT",-1978.9434552300008,1104.8200590000001,0.0,0.0,0.0,-138.54,8.884331086295639,0.0,0.0,-1003.7790651437062
HOOD,"HODU, HOOD, HOOG, HOOW, HOOX, HOOY, HOYY, ROBN",4279.30277959,-1019.5672299999997,0.0,0.0,-3588.1,-1257.03,466.6617240822337,0.0,0.0,-1118.7327263277666
RDW,"RDW, RDWU",-1763.9485311600001,990.5011729999999,0.0,0.0,0.0,-372.48,8.714925307138682,0.0,0.0,-1137.2124328528607
ASTS,"ASTN, ASTS, ASTX",-852.96769901,211.35291300000017,0.0,0.0,0.0,-621.45,90.68391561320516,0.0,0.0,-1172.3808703967945
PANW,"PALU, PANG, PANW",-1215.938426749999,-121.28667599999994,0.0,0.0,-19.03,-216.85,3.895315233396934,0.0,0.0,-1569.2097875166037
IBIT,"BITU, BITX, BTCL, IBIT, XBTY",-288.1493413700001,1390.051168,-1.92,0.0,-4783.86,-640.01,379.82709292694295,0.0,0.0,-3944.061080443056
